# tag hR <36 values of 6x6 row-major>
KIRCH_C 0.01 7.705957e+08 -2.783865e+01 -4.030828e+01 1.311608e+06 5.297961e+03 7.409944e+03 -2.783865e+01 3.259431e+08 -1.753179e+03 5.774618e-01 -6.300103e+05 -4.359779e+01 -4.030828e+01 -1.753141e+03 3.259429e+08 6.647540e-01 4.417656e+01 -6.301131e+05 1.311750e+06 5.774618e-01 6.647540e-01 6.517447e+08 -1.816593e+01 -2.540732e+01 9.397947e+03 -6.300103e+05 4.417656e+01 3.354146e+01 3.852301e+08 -3.435467e+03 -8.370867e+03 -4.359779e+01 -6.301131e+05 -2.987852e+01 2.187890e+03 3.852356e+08
RM_C 0.01 7.706160e+08 -2.696708e-09 -3.706434e-09 1.311796e+06 8.470208e-07 -3.795075e-07 -2.696708e-09 3.259797e+08 4.444889e-06 2.604076e-08 -5.710281e+05 -4.285791e-09 -3.706434e-09 4.444889e-06 3.259797e+08 -2.688613e-08 -2.038931e-09 -5.710281e+05 1.311796e+06 2.604076e-08 -2.688613e-08 6.517506e+08 -1.113761e-09 2.406326e-09 -8.574451e-07 -5.710281e+05 -2.038931e-09 -4.523968e-09 3.852317e+08 -2.805526e-07 1.262880e-06 -4.285791e-09 -5.710281e+05 5.949718e-09 -6.014563e-08 3.852317e+08
KIRCH_O 0.01 7.744789e+08 -2.086022e+03 7.131848e+02 1.318303e+06 1.482490e+04 3.395320e+03 -2.086022e+03 3.227033e+08 1.520116e+03 -1.936972e+00 -6.271668e+05 -3.445632e+02 7.131848e+02 1.520052e+03 3.227109e+08 3.056743e+00 -1.745689e+02 -6.271617e+05 1.318400e+06 -1.936972e+00 3.056743e+00 6.452133e+08 2.413057e+02 5.529665e+01 2.763845e+03 -6.271668e+05 -1.745689e+02 1.766810e+01 3.871477e+08 9.547024e+02 1.066519e+04 -3.445632e+02 -6.271617e+05 6.826657e+01 1.608431e+04 3.871472e+08
RM_O 0.01 7.744691e+08 -6.489549e-09 -1.188740e-09 1.318355e+06 1.054916e-06 1.226554e-06 -6.489549e-09 3.227212e+08 -2.402861e-06 5.290148e-08 -5.732820e+05 3.068890e-09 -1.188740e-09 -2.402863e-06 3.227212e+08 -1.717698e-08 2.448458e-09 -5.732820e+05 1.318355e+06 5.290148e-08 -1.717698e-08 6.452189e+08 7.267391e-09 3.437480e-09 6.287525e-07 -5.732820e+05 2.448458e-09 2.598613e-09 3.871579e+08 -9.839045e-07 7.050133e-07 3.068890e-09 -5.732820e+05 3.000923e-09 2.215034e-07 3.871579e+08
KIRCH_C 0.03 2.311896e+09 6.079746e+02 -1.464045e+03 1.180584e+07 1.822611e+04 4.016253e+04 6.079746e+02 9.778349e+08 1.788249e+03 3.202634e+01 -5.671829e+06 -8.747935e+01 -1.464045e+03 1.788950e+03 9.778346e+08 -7.819482e+01 7.335249e+02 -5.670910e+06 1.180800e+07 3.202634e+01 -7.819482e+01 1.955732e+09 1.095058e+03 2.412924e+03 -4.737637e+04 -5.671829e+06 7.335249e+02 -7.113346e+02 1.155775e+09 -3.969900e+04 -2.865776e+04 -8.747935e+01 -5.670910e+06 -4.298768e+02 -1.090887e+04 1.155769e+09
RM_C 0.03 2.311848e+09 -1.142681e-08 5.220871e-08 1.180616e+07 -1.419465e-06 -1.270598e-06 -1.142681e-08 9.779528e+08 -2.333659e-06 1.679668e-07 -5.138905e+06 -2.286674e-08 5.220871e-08 -2.333625e-06 9.779528e+08 -3.183008e-08 4.590901e-08 -5.138905e+06 1.180616e+07 1.679668e-07 -3.183008e-08 1.955891e+09 2.787196e-08 -6.960917e-08 -4.086014e-07 -5.138905e+06 4.590901e-08 -5.245016e-09 1.155769e+09 -1.414431e-07 -5.627932e-07 -2.286674e-08 -5.138905e+06 -2.917747e-09 -1.829145e-06 1.155769e+09
KIRCH_O 0.03 2.347003e+09 5.881611e+03 -8.404544e+03 1.199605e+07 2.856554e+05 5.436098e+04 5.881611e+03 9.490957e+08 1.529000e+04 1.269938e+02 -5.616251e+06 -2.163846e+02 -8.404544e+03 1.526320e+04 9.491987e+08 -5.403332e+01 -2.721899e+03 -5.618426e+06 1.198518e+07 1.269938e+02 -5.403332e+01 1.896764e+09 1.763597e+03 3.357320e+02 4.326013e+04 -5.616251e+06 -2.721899e+03 1.253277e+03 1.173109e+09 4.948737e+03 2.743923e+05 -2.163846e+02 -5.618426e+06 7.946597e+03 1.644065e+05 1.173114e+09
RM_O 0.03 2.346526e+09 -1.638129e-08 -5.554575e-08 1.198325e+07 -5.884334e-07 4.919550e-06 -1.638129e-08 9.486709e+08 -5.088424e-06 8.727272e-08 -5.195744e+06 -5.233317e-08 -5.554575e-08 -5.088430e-06 9.486709e+08 -5.895851e-09 -4.538806e-08 -5.195744e+06 1.198325e+07 8.727272e-08 -5.895851e-09 1.896909e+09 -1.310131e-08 5.343740e-09 -1.368823e-06 -5.195744e+06 -4.538806e-08 -1.454536e-08 1.173107e+09 8.061509e-07 4.494867e-06 -5.233317e-08 -5.195744e+06 6.906658e-08 1.076729e-06 1.173107e+09
KIRCH_C 0.06 4.623161e+09 -2.636167e+04 6.288789e+04 4.717368e+07 -7.123732e+05 2.164283e+05 -2.636167e+04 1.955556e+09 8.716910e+03 -2.203046e+03 -2.268441e+07 9.714562e+04 6.288789e+04 7.477878e+03 1.955703e+09 5.063073e+03 -1.217624e+04 -2.280503e+07 4.717421e+07 -2.203046e+03 5.063073e+03 3.914824e+09 -6.162034e+04 1.872519e+04 5.749404e+04 -2.268441e+07 -1.217624e+04 5.029502e+03 2.312302e+09 -2.419812e+04 9.588652e+05 9.714562e+04 -2.280503e+07 8.390537e+04 1.277223e+06 2.311839e+09
RM_C 0.06 4.623696e+09 -1.497160e-08 1.599597e-07 4.722465e+07 1.820853e-07 1.175287e-07 -1.497160e-08 1.955999e+09 -2.992770e-05 6.811093e-08 -2.055093e+07 2.978355e-07 1.599597e-07 -2.992727e-05 1.955999e+09 3.932507e-08 2.481368e-07 -2.055093e+07 4.722465e+07 6.811093e-08 3.932507e-08 3.916094e+09 -4.175816e-07 2.723547e-08 2.047728e-06 -2.055093e+07 2.481368e-07 4.906012e-08 2.312037e+09 4.058687e-06 -6.200788e-07 2.978355e-07 -2.055093e+07 -3.359154e-08 -1.363793e-06 2.312037e+09
KIRCH_O 0.06 4.762398e+09 -3.262434e+04 5.921055e+03 4.863563e+07 4.126267e+04 5.589698e+04 -3.262434e+04 1.843891e+09 -2.271879e+03 -5.584367e+02 -2.227788e+07 -1.255338e+03 5.921055e+03 -2.311967e+03 1.843893e+09 -4.227397e+02 -1.882320e+03 -2.228356e+07 4.863658e+07 -5.584367e+02 -4.227397e+02 3.678096e+09 3.980350e+03 5.446869e+03 -2.938849e+03 -2.227788e+07 -1.882320e+03 -6.881826e+02 2.381509e+09 2.173058e+04 -7.633783e+03 -1.255338e+03 -2.228356e+07 -1.571614e+03 3.597724e+04 2.381543e+09
RM_O 0.06 4.762407e+09 1.035918e-07 5.323467e-08 4.864139e+07 -2.920935e-06 -5.297969e-06 1.035918e-07 1.839309e+09 1.222230e-05 -4.968269e-08 -2.095929e+07 -1.407217e-07 5.323467e-08 1.222226e-05 1.839309e+09 1.605133e-08 -2.709041e-08 -2.095929e+07 4.864139e+07 -4.968269e-08 1.605133e-08 3.679155e+09 -3.305054e-07 1.542420e-07 -3.018928e-06 -2.095929e+07 -2.709041e-08 -6.675738e-08 2.381418e+09 -7.752046e-07 -1.367788e-06 -1.407217e-07 -2.095929e+07 -3.277920e-08 -2.812544e-07 2.381418e+09
KIRCH_C 0.12 9.247457e+09 -6.594657e+03 -1.787935e+03 1.888897e+08 7.309396e+04 -2.946786e+04 -6.594657e+03 3.911773e+09 5.564047e+04 -8.211905e+04 -9.120963e+07 6.371570e+04 -1.787935e+03 5.609993e+04 3.911149e+09 -1.586064e+04 -1.004826e+05 -9.072131e+07 1.898285e+08 -8.211905e+04 -1.586064e+04 7.856730e+09 1.069176e+06 -4.314129e+05 5.548735e+06 -9.120963e+07 -1.004826e+05 6.570673e+05 4.635853e+09 -2.530555e+06 -2.519284e+05 6.371570e+04 -9.072131e+07 -2.938495e+04 -2.833243e+05 4.629689e+09
RM_C 0.12 9.247392e+09 -3.560301e-07 -4.615789e-07 1.888986e+08 2.162146e-06 -1.171753e-05 -3.560301e-07 3.912781e+09 3.511745e-05 -3.304306e-07 -8.212906e+07 -2.581104e-07 -4.615789e-07 3.511690e-05 3.912781e+09 1.052534e-07 -1.163506e-06 -8.212906e+07 1.888986e+08 -3.304306e-07 1.052534e-07 7.866688e+09 -5.644307e-07 3.391205e-07 4.263908e-06 -8.212906e+07 -1.163506e-06 1.609423e-07 4.628062e+09 -2.297582e-06 -2.606734e-05 -2.581104e-07 -8.212906e+07 -1.493722e-06 -5.478599e-07 4.628062e+09
KIRCH_O 0.12 9.802260e+09 7.233830e+03 -2.561089e+04 2.002231e+08 8.689003e+04 -7.910700e+04 7.233830e+03 3.485060e+09 1.162715e+03 5.983523e+02 -8.760508e+07 -1.791710e+01 -2.561089e+04 1.064747e+03 3.485054e+09 -8.396276e+02 -1.829594e+03 -8.760117e+07 2.002176e+08 5.983523e+02 -8.396276e+02 6.906244e+09 5.053019e+02 -4.554863e+02 2.382527e+04 -8.760508e+07 -1.829594e+03 5.682580e+03 4.907210e+09 -8.013787e+04 1.413126e+04 -1.791710e+01 -8.760117e+07 3.222103e+03 4.922936e+04 4.907077e+09
RM_O 0.12 9.802236e+09 2.805606e-07 5.073689e-07 2.002325e+08 1.827020e-05 1.180417e-05 2.805606e-07 3.451700e+09 8.098196e-06 7.805549e-07 -8.471055e+07 1.269938e-07 5.073689e-07 8.091471e-06 3.451700e+09 -6.996807e-07 -7.121409e-07 -8.471055e+07 2.002325e+08 7.805549e-07 -6.996807e-07 6.913301e+09 1.496375e-06 9.796358e-08 2.031958e-05 -8.471055e+07 -7.121409e-07 1.031590e-06 4.906078e+09 -1.276652e-05 4.040664e-06 1.269938e-07 -8.471055e+07 1.661830e-07 9.769748e-06 4.906078e+09
KIRCH_C 0.2 1.541252e+10 1.278625e+05 -1.234785e+05 5.247790e+08 -6.484209e+05 2.698047e+05 1.278625e+05 6.520608e+09 1.167348e+04 4.019619e+03 -2.517300e+08 4.814226e+04 -1.234785e+05 8.194048e+03 6.520604e+09 -9.566848e+03 -9.465666e+04 -2.519640e+08 5.246701e+08 4.019619e+03 -9.566848e+03 1.320140e+10 8.952361e+03 -3.381356e+03 3.576106e+05 -2.517300e+08 -9.465666e+04 1.972634e+05 7.734964e+09 4.944848e+05 1.867297e+05 4.814226e+04 -2.519640e+08 9.945189e+04 -5.986032e+05 7.736426e+09
RM_C 0.2 1.541232e+10 7.618195e-07 -1.775480e-06 5.247183e+08 -1.434986e-05 3.056462e-05 7.618195e-07 6.524742e+09 -1.694054e-05 1.786498e-07 -2.276509e+08 -8.254318e-07 -1.775480e-06 -1.694129e-05 6.524742e+09 3.769747e-07 1.069273e-06 -2.276509e+08 5.247183e+08 1.786498e-07 3.769747e-07 1.324744e+10 5.874122e-07 -1.863788e-07 -1.395078e-05 -2.276509e+08 1.069273e-06 -1.527505e-06 7.729177e+09 -1.622002e-05 -2.319877e-05 -8.254318e-07 -2.276509e+08 -2.362880e-06 -1.535319e-05 7.729177e+09
KIRCH_O 0.2 1.695294e+10 9.684138e+04 1.231208e+05 5.771395e+08 2.831979e+05 -1.111930e+05 9.684138e+04 5.406171e+09 1.295444e+03 1.624073e+04 -2.381307e+08 2.372132e+03 1.231208e+05 1.188978e+03 5.406172e+09 1.949559e+04 -2.844547e+03 -2.381272e+08 5.770496e+08 1.624073e+04 1.949559e+04 1.056691e+10 4.734096e+04 -1.854065e+04 8.587185e+03 -2.381307e+08 -2.844547e+03 -4.668699e+02 8.509308e+09 2.253599e+03 -1.790112e+04 2.372132e+03 -2.381272e+08 -1.099983e+03 5.916459e+03 8.509312e+09
RM_O 0.2 1.695355e+10 -1.054943e-06 -1.110467e-07 5.771901e+08 1.530364e-05 -1.003842e-05 -1.054943e-06 5.274934e+09 1.150324e-04 -2.822437e-07 -2.359307e+08 -4.854556e-06 -1.110467e-07 1.150314e-04 5.274934e+09 -6.136486e-07 -3.606479e-06 -2.359307e+08 5.771901e+08 -2.822437e-07 -6.136486e-07 1.059247e+10 1.879460e-06 -4.447340e-07 -1.393930e-05 -2.359307e+08 -3.606479e-06 -1.420682e-06 8.504563e+09 -4.060914e-06 -2.358357e-05 -4.854556e-06 -2.359307e+08 -2.244049e-06 -2.853220e-06 8.504563e+09
KIRCH_C 0.35 2.696476e+10 -2.050354e+06 -2.859834e+05 1.604671e+09 1.055091e+07 2.596261e+06 -2.050354e+06 1.142114e+10 -2.354855e+06 -1.010823e+06 -7.701067e+08 9.031562e+05 -2.859834e+05 -2.342538e+06 1.141987e+10 -1.453368e+05 5.566452e+05 -7.701168e+08 1.603452e+09 -1.010823e+06 -1.453368e+05 2.371340e+10 5.215927e+06 1.283796e+06 1.210569e+06 -7.701067e+08 5.566452e+05 4.060959e+05 1.365032e+10 -4.939214e+05 4.832766e+06 9.031562e+05 -7.701168e+08 1.526741e+06 -7.455030e+06 1.365015e+10
RM_C 0.35 2.697156e+10 -1.457343e-06 -2.085508e-06 1.606950e+09 -4.770704e-05 2.450452e-05 -1.457343e-06 1.144326e+10 1.214693e-05 2.920967e-07 -6.925699e+08 -6.680044e-06 -2.085508e-06 1.223152e-05 1.144326e+10 -4.251107e-06 8.463403e-06 -6.925699e+08 1.606950e+09 2.920967e-07 -4.251107e-06 2.395168e+10 -3.585313e-06 1.547510e-05 4.566699e-06 -6.925699e+08 8.463403e-06 5.474308e-07 1.361461e+10 2.712450e-05 1.705742e-06 -6.680044e-06 -6.925699e+08 -7.653063e-07 -5.366745e-06 1.361461e+10
KIRCH_O 0.35 3.169099e+10 -4.443120e+06 -9.372210e+05 1.888284e+09 9.948434e+05 2.829634e+06 -4.443120e+06 8.360089e+09 -4.943941e+05 -1.004658e+06 -7.043889e+08 3.009546e+06 -9.372210e+05 -6.143510e+05 8.360250e+09 -1.255080e+05 1.231183e+05 -7.024473e+08 1.887904e+09 -1.004658e+06 -1.255080e+05 1.583094e+10 2.530652e+05 7.572798e+05 1.254574e+04 -7.043889e+08 1.231183e+05 2.180705e+05 1.604031e+10 1.418479e+06 6.504706e+05 3.009546e+06 -7.024473e+08 -2.012243e+05 -8.592783e+05 1.603694e+10
RM_O 0.35 3.169158e+10 1.436987e-06 -2.617368e-06 1.888166e+09 -1.499892e-05 1.011228e-06 1.436987e-06 7.849593e+09 -8.971357e-06 -1.147390e-06 -7.088751e+08 -8.386816e-06 -2.617368e-06 -8.791292e-06 7.849593e+09 -1.392997e-06 -6.422149e-06 -7.088751e+08 1.888166e+09 -1.147390e-06 -1.392997e-06 1.591627e+10 -8.304945e-06 5.616876e-06 -2.718725e-05 -7.088751e+08 -6.422149e-06 -6.914699e-07 1.601805e+10 8.609452e-05 3.257743e-07 -8.386816e-06 -7.088751e+08 1.867371e-06 -5.114512e-06 1.601805e+10
KIRCH_C 0.4 3.082769e+10 2.354280e+06 1.490550e+06 2.098834e+09 -2.179574e+06 7.076324e+05 2.354280e+06 1.306258e+10 3.635236e+05 1.171236e+06 -1.006133e+09 -2.268766e+06 1.490550e+06 4.679701e+05 1.306415e+10 7.764357e+05 -5.882474e+05 -1.008913e+09 2.100273e+09 1.171236e+06 7.764357e+05 2.742471e+10 -1.122420e+06 3.650405e+05 -7.883551e+05 -1.006133e+09 -5.882474e+05 -1.168432e+05 1.566163e+10 5.398531e+04 -5.566129e+06 -2.268766e+06 -1.008913e+09 -2.990060e+05 3.793172e+06 1.566018e+10
RM_C 0.4 3.082464e+10 4.945894e-06 -5.899924e-07 2.098873e+09 -3.506761e-05 9.428372e-06 4.945894e-06 1.309398e+10 7.989535e-05 1.148602e-06 -9.019566e+08 -1.172337e-06 -5.899924e-07 7.993738e-05 1.309398e+10 2.981345e-07 7.839901e-06 -9.019566e+08 2.098873e+09 1.148602e-06 2.981345e-07 2.777266e+10 -6.594885e-06 -3.574463e-06 -1.348724e-05 -9.019566e+08 7.839901e-06 -1.294641e-06 1.560543e+10 1.576314e-05 -5.741010e-06 -1.172337e-06 -9.019566e+08 -9.667602e-07 3.280427e-06 1.560543e+10
KIRCH_O 0.4 3.699258e+10 3.927285e+06 7.137739e+05 2.519111e+09 -1.297591e+06 3.724091e+02 3.927285e+06 9.194170e+09 2.969823e+05 9.458139e+05 -9.069129e+08 -4.184699e+06 7.137739e+05 5.083614e+05 9.197853e+09 2.424439e+05 -1.337894e+05 -9.086823e+08 2.519526e+09 9.458139e+05 2.424439e+05 1.726151e+10 -3.962662e+05 -1.925417e+02 -4.972156e+05 -9.069129e+08 -1.337894e+05 -1.147304e+05 1.879135e+10 4.204533e+05 -5.990279e+06 -4.184699e+06 -9.086823e+08 -1.179340e+06 2.209013e+06 1.879149e+10
RM_O 0.4 3.698957e+10 -6.606145e-06 -1.504733e-05 2.518648e+09 5.997436e-05 9.895320e-05 -6.606145e-06 8.511924e+09 -3.155864e-05 -2.079712e-06 -9.157271e+08 -4.528325e-06 -1.504733e-05 -3.165176e-05 8.511924e+09 9.515023e-07 4.370188e-06 -9.157271e+08 2.518648e+09 -2.079712e-06 9.515023e-07 1.736961e+10 1.795333e-05 -1.907527e-05 4.905588e-07 -9.157271e+08 4.370188e-06 1.979748e-06 1.876085e+10 -2.769408e-05 -8.588080e-05 -4.528325e-06 -9.157271e+08 -1.774534e-05 1.098412e-05 1.876085e+10
