# tag hR <36 values of 6x6 row-major>
SHELL_C 0.01 7.731975e+08 -9.341400e+04 3.690800e+04 1.311075e+06 -1.870202e+06 -3.566606e+06 -9.341400e+04 3.257042e+08 -5.718600e+04 -1.050000e+02 -6.915750e+05 -9.287000e+03 3.690800e+04 -5.718700e+04 3.257071e+08 6.140000e+02 1.568400e+04 -7.256780e+05 1.309994e+06 -1.050000e+02 6.140000e+02 6.517523e+08 -1.448100e+04 -8.714000e+03 -1.903935e+06 -6.915750e+05 1.568400e+04 -1.501000e+04 3.878461e+08 -2.083930e+05 -3.528804e+06 -9.287000e+03 -7.256780e+05 -8.168000e+03 -1.050070e+05 3.864099e+08
SHELL_C 0.03 2.324459e+09 -6.740600e+04 6.000000e+04 1.205614e+07 1.919760e+05 -4.730420e+05 -6.740600e+04 9.772419e+08 -1.472200e+04 2.449000e+03 -6.236564e+06 -1.542350e+05 6.000000e+04 -1.472200e+04 9.775709e+08 4.756000e+03 -2.582930e+05 -6.795599e+06 1.205568e+07 2.449000e+03 4.756000e+03 1.955941e+09 6.813000e+03 1.425700e+05 2.129250e+05 -6.236564e+06 -2.582930e+05 6.838000e+03 1.160937e+09 3.683590e+05 -4.762930e+05 -1.542350e+05 -6.795599e+06 1.427190e+05 3.734180e+05 1.159198e+09
SHELL_C 0.06 4.639069e+09 -1.096150e+05 3.316650e+05 4.777577e+07 -1.403750e+06 -1.552803e+06 -1.096150e+05 1.952792e+09 -7.540600e+04 -2.606000e+03 -2.616985e+07 1.143900e+05 3.316650e+05 -7.540300e+04 1.956346e+09 2.327500e+04 1.578280e+05 -2.723981e+07 4.777313e+07 -2.606000e+03 2.327500e+04 3.916488e+09 -7.365900e+04 5.608080e+05 -1.415080e+06 -2.616985e+07 1.578280e+05 -7.461800e+04 2.318030e+09 2.620000e+03 -1.537801e+06 1.143900e+05 -2.723981e+07 5.613620e+05 -2.096300e+04 2.316491e+09
SHELL_C 0.12 9.270665e+09 4.802800e+04 6.413040e+05 1.904862e+08 9.947440e+05 -3.942789e+06 4.802800e+04 3.893953e+09 -5.939750e+05 -4.907000e+03 -1.062060e+08 1.469630e+05 6.413040e+05 -5.939650e+05 3.921346e+09 8.417600e+04 -1.598000e+05 -1.088548e+08 1.904855e+08 -4.907000e+03 8.417600e+04 7.869853e+09 -1.159200e+04 2.369178e+06 9.855090e+05 -1.062060e+08 -1.598000e+05 -1.133400e+04 4.640088e+09 9.626520e+05 -3.951692e+06 1.469630e+05 -1.088548e+08 2.368841e+06 9.445540e+05 4.642667e+09
SHELL_C 0.2 1.546567e+10 -9.661000e+03 1.334116e+06 5.302817e+08 -3.464240e+05 -4.649856e+06 -9.661000e+03 6.463783e+09 -2.118662e+06 8.520000e+02 -3.007438e+08 2.061510e+05 1.334116e+06 -2.118646e+06 6.570229e+09 2.647030e+05 -2.076170e+05 -3.001350e+08 5.302823e+08 8.520000e+02 2.647030e+05 1.326228e+10 -1.760470e+05 6.842930e+06 -3.650390e+05 -3.007438e+08 -2.076170e+05 -1.773870e+05 7.767981e+09 6.370090e+05 -4.672812e+06 2.061510e+05 -3.001350e+08 6.840859e+06 6.261890e+05 7.778770e+09
SHELL_C 0.35 2.714008e+10 -2.250908e+06 1.799107e+06 1.636592e+09 -2.393848e+06 -5.541179e+06 -2.250908e+06 1.132060e+10 -7.386391e+06 -4.146240e+05 -9.289790e+08 7.590400e+04 1.799107e+06 -7.386225e+06 1.168952e+10 9.008940e+05 -1.073470e+05 -9.214369e+08 1.636592e+09 -4.146240e+05 9.008940e+05 2.403356e+10 -8.752220e+05 2.120859e+07 -2.376152e+06 -9.289790e+08 -1.073470e+05 -8.717990e+05 1.379602e+10 -2.191332e+06 -5.512054e+06 7.590400e+04 -9.214369e+08 2.121371e+07 -2.227907e+06 1.385449e+10
SHELL_C 0.4 3.105710e+10 3.059160e+05 1.998545e+06 2.145332e+09 1.947521e+06 -6.147356e+06 3.059160e+05 1.298455e+10 -9.222124e+06 5.658600e+04 -1.215177e+09 -1.765206e+06 1.998545e+06 -9.222403e+06 1.345913e+10 1.260634e+06 -8.252700e+04 -1.205499e+09 2.145332e+09 5.658600e+04 1.260634e+06 2.789642e+10 -1.486220e+05 2.754789e+07 2.087417e+06 -1.215177e+09 -8.252700e+04 -1.212890e+05 1.588468e+10 -4.554324e+06 -6.123269e+06 -1.765206e+06 -1.205499e+09 2.755254e+07 -4.506807e+06 1.596027e+10
SHELL_O 0.01 7.643065e+08 -7.918700e+04 8.755000e+04 1.269398e+06 -2.505070e+05 8.284020e+05 -7.918700e+04 3.225553e+08 1.935200e+04 -3.000000e+02 -8.254400e+05 -2.352000e+03 8.755000e+04 1.935200e+04 3.225695e+08 -1.324000e+04 -6.262000e+03 -8.329550e+05 1.270429e+06 -3.000000e+02 -1.324000e+04 6.452291e+08 -8.185000e+03 2.001900e+04 6.313800e+04 -8.254400e+05 -6.262000e+03 -6.335000e+03 3.834245e+08 5.619110e+05 7.037590e+05 -2.352000e+03 -8.329550e+05 1.777600e+04 5.711170e+05 3.830929e+08
SHELL_O 0.03 2.359242e+09 -7.547000e+03 8.681300e+04 1.232070e+07 -3.827960e+05 -1.627068e+06 -7.547000e+03 9.487539e+08 -1.654700e+04 1.514000e+03 -6.523435e+06 -1.128400e+04 8.681300e+04 -1.654700e+04 9.491054e+08 -1.124920e+05 5.507000e+03 -6.669179e+06 1.232095e+07 1.514000e+03 -1.124920e+05 1.897139e+09 -2.161100e+04 1.118490e+05 -3.851410e+05 -6.523435e+06 5.507000e+03 -2.166400e+04 1.177408e+09 -7.159300e+04 -1.615480e+06 -1.128400e+04 -6.669179e+06 1.117220e+05 -6.031500e+04 1.176281e+09
SHELL_O 0.06 4.779871e+09 5.776500e+04 3.246740e+05 5.010936e+07 -2.731950e+05 -1.682822e+06 5.776500e+04 1.841778e+09 -7.316400e+04 8.745000e+03 -2.615217e+07 -1.445580e+05 3.246740e+05 -7.316400e+04 1.845055e+09 -4.404320e+05 -2.147830e+05 -2.702601e+07 5.011007e+07 8.745000e+03 -4.404320e+05 3.680922e+09 -1.423100e+04 5.143010e+05 -2.809020e+05 -2.615217e+07 -2.147830e+05 -1.506700e+04 2.387758e+09 6.135390e+05 -1.705939e+06 -1.445580e+05 -2.702601e+07 5.131530e+05 6.166870e+05 2.387083e+09
SHELL_O 0.12 9.838134e+09 2.569410e+05 9.081080e+05 2.092058e+08 -5.659630e+05 -5.208244e+06 2.569410e+05 3.477421e+09 -3.650680e+05 5.334300e+04 -1.061898e+08 1.879340e+05 9.081080e+05 -3.650650e+05 3.497321e+09 -1.677097e+06 -8.248300e+04 -1.062298e+08 2.092062e+08 5.334300e+04 -1.677097e+06 6.927762e+09 -6.624900e+04 2.021704e+06 -5.655910e+05 -1.061898e+08 -8.248300e+04 -6.621600e+04 4.923255e+09 1.276802e+06 -5.190031e+06 1.879340e+05 -1.062298e+08 2.022530e+06 1.270679e+06 4.924498e+09
SHELL_O 0.2 1.705180e+10 8.851670e+05 5.212710e+05 6.179256e+08 2.566470e+05 -9.295475e+06 8.851670e+05 5.407683e+09 -1.006709e+06 1.830390e+05 -2.965668e+08 -3.317140e+05 5.212710e+05 -1.006785e+06 5.459109e+09 -4.475400e+06 -2.152810e+05 -2.907349e+08 6.179255e+08 1.830390e+05 -4.475400e+06 1.066362e+10 -5.562500e+04 5.161877e+06 1.816040e+05 -2.965668e+08 -2.152810e+05 -6.444900e+04 8.562414e+09 1.243340e+05 -9.289054e+06 -3.317140e+05 -2.907349e+08 5.162307e+06 1.885510e+05 8.571819e+09
SHELL_O 0.35 3.217028e+10 -2.106649e+06 1.487264e+06 2.132507e+09 2.309677e+06 -2.982242e+07 -2.106649e+06 8.514207e+09 -1.724213e+06 -9.965400e+04 -8.639323e+08 1.708480e+05 1.487264e+06 -1.724205e+06 8.602596e+09 -1.187582e+07 6.621340e+05 -8.810717e+08 2.132507e+09 -9.965400e+04 -1.187582e+07 1.634856e+10 6.130100e+04 1.087504e+07 2.303208e+06 -8.639323e+08 6.621340e+05 5.999000e+04 1.632277e+10 -2.027140e+05 -2.982067e+07 1.708480e+05 -8.810717e+08 1.087528e+07 -2.053050e+05 1.632538e+10
SHELL_O 0.4 3.768012e+10 3.940170e+05 1.804786e+06 2.893746e+09 5.950000e+04 -3.809638e+07 3.940170e+05 9.445720e+09 -1.856432e+06 3.722450e+05 -1.120886e+09 1.155341e+06 1.804786e+06 -1.856366e+06 9.538147e+09 -1.481014e+07 8.661740e+05 -1.144189e+09 2.893746e+09 3.722450e+05 -1.481014e+07 1.804123e+10 -3.656840e+05 1.236517e+07 7.900300e+04 -1.120886e+09 8.661740e+05 -3.619540e+05 1.919025e+10 -3.537630e+05 -3.807260e+07 1.155341e+06 -1.144189e+09 1.236941e+07 -3.726050e+05 1.919886e+10
